01059
01467
01472
01508
01509
01526
01538
01586
01784
01865
01866
01885
01936
02018
02020
02041
02051
02059
02060
02065
02070
02137
02327
02334
02337
02345
02355
02358
02381
02447
02455
02552
02574
02651
02661
02662
02669
02712
02768
02801
02877
02883
03041
03073
03252
03272
03289
03468
03469
03589
03746
03749
03754
03769
03815
03859
03896
04004
04013
04014
04016
04028
04054
04077
04078
04082
04094
04223
04225
04228
04230
04262
04266
04288
04291
04343
04565
04629
04637
04644
04672
04738
04744
04775
04850
04865
04933
04935
04962
06025
06028
06064
06075
06077
06230
06233
06244
06246
06251
06267
06372
06383
06388
06404
06440
06487
06491
06781
06829
06838
06875
06876
07428
07710
07752
07763
07765
07806
07837
07839
07845
07855
07875
07877
07879
07938
07978
08018
08025
08213
08214
08218
08219
08220
08231
08250
08252
08313
08315
08342
08347
08504
08556
08557
08739
08803
08808
08868
08870
08885
08888
10587
10912
10959
10981
10982
12050
12073
12089
12107
12128
12133
12141
12506
12510
12511
12537
12541
12568
12584
12588
12848
12995
13043
13064
13093
13137
13139
13341
13362
13401
13426
13479
13631
13671
13677
13737
13745
13749
13758
13762
13794
13840
13845
13848
14010
14038
14107
14110
14140
14144
14410
14429
14430
14449
14452
14461
14488
14508
14518
14520
14538
14547
14558
14563
14730
14745
14751
14758
14766
14786
14857
14863
14876
14887
15032
15091
15127
15336
15339
15415
15439
15485
15548
15549
15553
15621
15664
15685
15758
15959
16039
16058
16221
16225
16234
16261
16375
16413
16629
16644
16660
16663
16681
16850
16873
16945
17072
17083
17085
17231
17256
17272
17310
17312
17337
17358
17375
17503
17521
17528
17533
17537
17564
17567
17575
17580
17585
17726
17735
17831
17833
17877
17882
17966
18002
18039
18060
18068
18084
18247
18251
18320
18341
18348
18352
18410
18416
18427
18449
18459
18601
18611
18653
18654
18813
18827
18910
18911
18916
18918
18922
18928
18931
18934
18943
18949
18953
18956
18957
18958
18963
18968
18971
18979
18981
19028
19039
19318
19331
19339
19346
19347
19351
19354
19357
19360
19366
19371
19376
19395
19399
19407
19408
19409
19421
19423
19430
19432
19443
19450
19451
19470
19480
19481
19482
19484
19486
19519
19548
19708
19961
19969
20101
20103
20104
20128
20131
20138
20139
20140
20160
20189
20588
20598
20610
20627
20635
20643
21018
21020
21022
21027
21092
21106
21139
21150
21522
21528
21556
21609
21656
21670
21720
21721
21759
21765
21775
21792
21836
21852
21857
21916
22067
22081
22082
22103
22116
22121
22122
22430
22442
22446
22451
22463
22471
22481
22501
22507
22513
22517
22523
22524
22526
22528
22530
22544
22545
22547
22552
22558
22565
22577
22579
22581
22622
22626
22748
22833
22848
22924
22945
22965
22987
23001
23003
23018
23031
23064
23067
23090
23105
23115
23125
23127
23131
23154
23162
23170
23178
23183
23184
23190
23313
23341
23397
23404
23424
23429
23443
23694
23873
23939
24111
24126
24130
24146
24177
24215
24218
24438
24463
24533
24535
24576
24608
24619
24624
24627
24628
24640
24647
24658
24732
24829
25026
25079
25423
25441
25562
25569
25614
25686
25691
25860
25906
25919
25927
26229
26434
26527
26531
26566
26578
26675
27010
27049
27230
27359
27373
27375
27543
27552
27586
27811
27867
27868
27887
28010
28038
28123
28126
28130
28522
28545
28583
28647
28661
28688
28699
28724
28727
28728
28738
28750
28760
28765
28776
28784
28903
29002
29041
29132
29147
29336
29348
29386
29447
29476
29636
29656
29675
29677
29688
29703
29813
29822
29839
29846
29850
29931
29933
30074
30109
30123
30129
30138
30140
30142
30146
30150
30151
30172
30212
30266
30424
30438
30502
30580
30638
30645
30647
30732
30806
30819
31013
31086
31304
31319
31769
31782
32007
32042
32105
32111
32138
32160
32185
32357
32362
32422
32538
32560
32633
32654
32662
32663
32706
32710
32733
32747
32777
32799
32957
32971
33052
33075
33093
33097
33114
33421
33454
33459
33524
33586
33587
33593
33820
33846
33863
33938
33945
34264
34270
34272
34447
34636
34660
34680
34740
34755
34992
35015
35038
35048
35123
35137
35139
35142
35182
35187
35440
35448
35449
35468
35471
35478
35482
35551
35560
35617
35742
35762
35767
35964
36015
36065
36253
36254
36257
36261
36275
36349
36458
36745
37063
37071
37119
37152
37314
37378
37382
37389
37684
37707
37778
38014
38045
38048
38071
38223
38271
38324
38331
38336
38346
38378
38393
38602
38638
38649
38679
38739
38780
38782
38820
38825
38874
38875
38877
38880
38959
38960
39077
39080
39087
39098
39109
39151
39161
39163
39165
39171
39190
39436
39457
39460
39463
39552
39555
39558
39632
39829
39852
40018
40027
40048
40129
40153
40317
40319
40405
40410
40452
40473
40492
40724
40730
40755
40930
40932
40944
40951
40955
41037
41053
41061
41062
41081
41096
41160
41173
41347
41368
41413
41426
41451
41520
41542
41549
41561
41736
41743
42033
42063
42152
42201
42216
42219
42221
42288
42364
42402
42457
42460
42558
42564
42720
43048
43073
43083
43349
43441
43752
43757
43803
43828
43916
43927
43937
43941
43970
43984
44033
44088
44210
44211
44265
44334
44416
44422
44453
44492
44617
44636
44650
44679
44816
44845
44848
44860
44862
45004
45061
45063
45633
45643
45675
45687
45712
45713
45787
45837
46067
46355
46372
46380
46713
46769
46780
46782
46912
46916
46921
46942
46977
46995
47019
47039
47107
47146
47228
47245
47322
47426
47463
47536
47545
47556
47617
47618
47647
47852
47878
47962
48004
48175
48330
48366
48387
48758
48812
48830
48833
48882
49020
49035
49041
49062
49077
49239
49257
49281
49311
49314
49317
49416
49427
49610
49666
49673
49723
49761
49792
49797
49819
49845
49964
50059
50259
50481
50661
52149
52648
53026
53056
53060
53064
53101
53102
53109
53138
53148
53152
53159
53171
53194
53535
53824
54226
54240
54415
54429
54532
54543
54620
54641
54649
54662
54735
54743
54764
54765
54816
54890
54969
54976
55010
55323
55377
55791
56047
56084
56333
56341
56344
56436
56577
56593
56631
56740
56741
59084
59341
59402
59641
59835
59921
60037
60082
60147
60499
60599
60944
61758
62065
62070
62071
62252
62329
62659
62660
62662
62834
62840
62909
62973
62993
63057
63065
63066
63338
63342
63346
63378
63442
63651
63666
63737
63752
63776
63779
63875
63881
63931
64073
64864
65038
65042
65055
65532
65546
65607
65636
65765
66036
66250
66276
66420
66728
66855
67585
68738
68969
70078
70371
70421
70521
70540
70569
70718
70728
70784
70792
71080
71240
71249
71281
71324
71329
71348
71363
71365
71440
71448
71460
71471
71477
71750
71828
71840
71932
72037
72043
72164
72310
72312
72321
72465
72474
72475
72575
72613
72643
72711
72728
72733
72735
72737
72741
72770
72820
74031
74043
74335
74444
74529
74545
74559
74752
75097
75118
75121
75425
75443
75444
75458
75485
75636
75637
75660
75666
75685
75688
75772
75832
75834
75958
75978
76246
76352
76369
76461
76465
76467
76468
76485
76526
76533
76558
76564
76684
76855
76883
76886
76949
77315
77332
77333
77411
77413
77452
77463
77626
77639
77838
77850
77862
77870
77881
77967
77989
78054
78060
78115
78350
78568
78604
78651
78673
78952
78960
79221
79516
79740
80533
80541
80614
81135
81329
81414
81420
82524
82615
82715
82840
83229
83256
83343
83531
83630
83635
83671
83853
83865
84510
85127
85652
85738
86342
86412
87574
87576
88032
88033
88036
88054
88058
88122
88123
88133
88213
88433
89023
90090
90202
91023
91610
91715
91743
92068
92318
92323
92366
92609
92650
92811
93435
93642
93649
93661
94620
94914
95026
95044
95229
95234
95347
95373
95416
95418
95424
95433
95481
95487
95534
95654
95656
95712
95724
95924
95940
95980
96095
96715
96718
96739
96784
96788
96854
96861
96898
97010
97036
97044
97307
97407
97409
97464
97491
97533
98061
98062
98082
98259
98287
98293
98322
98324
98343
98344
98348
98384
98386
98393
98395
98398
98511
98522
98540
98554
98561
98622
98637
98920
99104
